K:2 78462.45752335577 6221.5723492437555 72240.88517411202 
K:3 72069.02579847387 7813.238044060379 59754.70042232214 4501.087332091354 
K:4 63670.28931267734 3557.053819961161 15766.075306638437 39998.14790820178 4349.012277875963 
K:5 60061.38330611285 32453.194686554823 18344.949502176212 2118.4803248805742 2159.5114871514493 4985.247305349786 
K:6 56150.2267050228 2118.480324880574 19593.15524138048 11992.464369728646 3812.696279727197 1922.1536866930592 16711.276802612843 
K:7 52953.59076396604 11955.014834280713 18248.118867687168 1922.1536866930599 11897.60780893417 3787.8760274040105 3024.3392140863407 2118.4803248805733 
K:8 52710.189559744875 11769.86156504156 18136.19969061021 3787.87602740401 2026.2672216564565 1922.153686693059 1051.7432345248342 2118.480324880574 11897.607808934177 
K:9 50371.1647362874 7887.993231284858 3093.89192956959 1437.188750651306 10428.048763201125 3776.30051046623 9125.145234195565 2307.6237461814567 10196.492245856685 2118.480324880574 
K:10 50543.540845409836 6967.85938373941 2118.4803248805742 12718.967416662828 1849.430227510289 12583.632157980248 3027.8856110317074 1319.7186187870816 803.1004975349725 7396.196219840553 1758.27038744217 
K:11 50537.36884978731 798.5122875833744 3027.885611031708 2118.480324880574 12720.76692106355 200.85203624177876 1758.27038744217 12594.120320068761 6949.714315727548 7390.79660503812 1842.6899176600402 1135.2801230496793 
K:12 48922.87020816541 6992.695682408653 8859.293040025335 802.8808656467629 1289.4144069605452 9135.700850576328 1714.0350753004532 1816.9307170888494 1326.4103769954208 2118.4803248805733 2955.756631702426 6736.696246704797 5174.5759898752685 
K:13 88734.24340120758 88734.24340120758 0.0 0.0 0.0 0.0 0.0 0.0 0.0 0.0 0.0 0.0 0.0 0.0 
K:14 48002.368228252395 6583.519343695598 1688.4620586146125 3731.5958968119976 2955.7566317024266 2118.480324880574 4642.734195473118 212.5046057741528 9372.03713760087 1326.4103769954202 1714.0350753004534 1100.164685188853 6861.798403422778 4900.889245349848 793.9802474416931 
K:15 48773.861430874385 2118.4803248805742 6980.653804376287 6614.232359170641 742.4621848119459 1807.0863328233058 1326.4103769954204 395.0437631726538 2955.756631702428 1714.0350753004539 663.5310170240447 8834.547193152912 9157.278764674107 116.44243168101322 5174.5759898752785 173.3251812333284 
K:16 47898.2479214353 2118.4803248805742 3731.5958968119967 4642.734195473115 6569.949073333692 4900.889245349848 1714.0350753004532 180.26079448230843 1326.4103769954206 2955.756631702426 657.6642359920647 6853.364211027303 730.970152418921 1631.4122028614133 118.72184556440074 395.0437631726536 9370.959896068705 
K:17 88734.24340120741 88734.24340120741 0.0 0.0 0.0 0.0 0.0 0.0 0.0 0.0 0.0 0.0 0.0 0.0 0.0 0.0 0.0 0.0 
K:18 88734.2434012073 88734.2434012073 0.0 0.0 0.0 0.0 0.0 0.0 0.0 0.0 0.0 0.0 0.0 0.0 0.0 0.0 0.0 0.0 0.0 
K:19 88734.24340120719 88734.24340120719 0.0 0.0 0.0 0.0 0.0 0.0 0.0 0.0 0.0 0.0 0.0 0.0 0.0 0.0 0.0 0.0 0.0 0.0 
K:20 88734.24340120722 88734.24340120722 0.0 0.0 0.0 0.0 0.0 0.0 0.0 0.0 0.0 0.0 0.0 0.0 0.0 0.0 0.0 0.0 0.0 0.0 0.0 

K:2 78462.45752335573 72240.88517411197 6221.572349243753 
K:3 72069.02579847383 7813.238044060382 4501.087332091353 59754.70042232209 
K:4 63670.28931267744 39998.14790820186 3557.0538199611615 4349.012277875965 15766.075306638451 
K:5 60061.38330611287 2118.480324880573 4985.247305349786 32453.194686554838 18344.949502176216 2159.511487151449 
K:6 88734.24340120735 88734.24340120735 0.0 0.0 0.0 0.0 0.0 
K:7 52953.590763966014 2118.480324880574 11955.014834280704 11897.607808934172 3024.339214086338 1922.1536866930596 18248.118867687157 3787.87602740401 
K:8 51321.269089826754 3027.8856110317074 12991.99795457539 3087.297682716163 8742.13662835767 1758.2703874421702 6967.859383739413 2118.480324880574 12627.341117083664 
K:9 50373.423393651065 1437.1887506513062 10200.044719203443 2118.4803248805733 9111.984147022353 3093.891929569591 7887.993231284865 10439.91603439125 2307.6237461814553 3776.300510466231 
K:10 49741.956664518 8819.48376915402 2118.4803248805733 9769.594641627778 1326.4103769954208 5174.575989875273 2955.756631702426 7758.020645354356 1714.0350753004539 3108.6427654771364 6996.956444150562 
K:11 49592.51326554205 1437.1887506513058 9098.493393674602 1289.4144069605454 10167.482732222603 3776.3005104662293 6711.404593990466 2118.480324880574 10179.62074027717 2307.6237461814558 802.9397817289837 1703.5642845081188 
K:12 50539.608315089514 1057.8700452888152 12720.766921063532 6949.714315727542 201.2684793559153 1758.2703874421702 12594.120320068738 3027.885611031707 1862.5381889160662 135.58129904766284 7321.140594622281 791.9718276445133 2118.480324880574 
K:13 49566.48298373821 1437.188750651306 1607.2095299497055 2118.480324880574 10179.620740277185 144.11567368595678 3776.300510466229 1043.947258745596 6721.007582462304 9098.493393674617 207.89549383194387 2307.6237461814558 10152.484284947857 772.1156939834802 
K:14 50421.76489629861 12594.12032006874 390.2471700323971 1758.2703874421702 179.41740711873527 131.03339867359776 731.3940201614258 3027.885611031708 7324.376285106316 2118.4803248805733 567.2592808180032 6949.714315727547 1825.609258657162 109.09125104674553 12714.865865533491 
K:15 49483.4684029668 1437.1887506513062 1646.254092376176 174.84081963077656 731.836578125851 10179.620740277182 2118.480324880573 3776.3005104662293 6682.238622826275 10152.484284947855 113.19749425301941 553.9504629437996 118.72184556440077 392.2367361672876 2307.6237461814558 9098.493393674606 
K:16 47884.478976384395 116.44243168101322 6514.346599447479 6853.364211027301 9378.531440506047 3731.595896811997 740.5026337109334 1714.0350753004534 1326.4103769954208 665.8461559761793 4642.734195473118 2955.7566317024257 1657.1748131156246 4900.88924534985 173.3251812333284 2118.4803248805742 395.0437631726536 
K:17 47888.739778856325 565.5698252711767 4900.889245349847 1714.035075300454 6853.364211027304 179.41740711873527 1326.410376995421 1652.8729875528877 6522.602758950503 9378.531440506044 3731.595896812 735.5076450227475 387.8608802099837 4642.7341954731155 106.66844500208117 2118.480324880574 2955.756631702428 116.44243168101319 
K:18 88734.2434012076 88734.2434012076 0.0 0.0 0.0 0.0 0.0 0.0 0.0 0.0 0.0 0.0 0.0 0.0 0.0 0.0 0.0 0.0 0.0 
K:19 88734.24340120779 88734.24340120779 0.0 0.0 0.0 0.0 0.0 0.0 0.0 0.0 0.0 0.0 0.0 0.0 0.0 0.0 0.0 0.0 0.0 0.0 
K:20 88734.24340120777 88734.24340120777 0.0 0.0 0.0 0.0 0.0 0.0 0.0 0.0 0.0 0.0 0.0 0.0 0.0 0.0 0.0 0.0 0.0 0.0 0.0 


K:2 78462.45752335597 72240.88517411222 6221.572349243752 
K:3 72069.02579847391 4501.087332091353 7813.23804406038 59754.70042232218 
K:4 63670.28931267735 39998.14790820178 3557.0538199611606 4349.012277875962 15766.075306638444 
K:5 60061.38330611289 18344.94950217624 2159.5114871514493 32453.194686554845 2118.4803248805742 4985.247305349784 
K:6 56150.226705022884 3812.6962797271954 19593.15524138053 16711.276802612865 11992.464369728656 1922.153686693059 2118.4803248805733 
K:7 52953.590763965985 3024.33921408634 11897.60780893417 11955.014834280682 3787.8760274040096 1922.1536866930596 18248.11886768715 2118.480324880574 
K:8 52710.18955974492 1051.7432345248342 11769.861565041567 11897.607808934188 2118.480324880574 1922.1536866930587 3787.87602740401 2026.267221656456 18136.199690610236 
K:9 50810.65573570642 12775.72213879731 2150.5015768187427 6967.859383739408 1758.27038744217 2118.4803248805742 7557.936349098741 3027.8856110317074 12596.139423222567 1857.8605406752133 
K:10 50543.5408454098 12718.967416662803 1849.4302275102893 12583.632157980248 803.100497534973 1758.2703874421702 6967.859383739411 1319.718618787083 7396.196219840548 2118.480324880574 3027.8856110317056 
K:11 49592.51326554206 10167.482732222588 1703.5642845081204 3776.300510466228 802.9397817289844 1289.4144069605459 1437.188750651306 2118.4803248805742 9098.493393674604 10179.620740277192 6711.404593990469 2307.6237461814553 
K:12 49585.694262672725 1437.188750651306 793.9802474416932 2307.6237461814567 212.50460577415274 10167.482732222577 9098.493393674618 10179.620740277194 1703.564284508121 3776.3005104662284 2118.480324880574 6690.290241405948 1100.1646851888534 
K:13 49546.04039094839 2307.6237461814544 10179.620740277185 10161.326482658274 1706.2698095773624 202.13989358975132 3776.3005104662293 1437.1887506513058 795.6061463078802 2118.480324880574 1048.4002521577495 89.90141617032222 9098.4933936746 6624.688924355693 
K:14 47689.95558308387 4399.32073899396 3734.348048266621 1714.0350753004536 4952.130815841588 6726.692583374849 7102.440589222552 832.1149929913813 1326.4103769954204 6794.8971858482655 2955.756631702427 870.0951754240432 2118.4803248805742 2876.809217902557 1286.4238263391826 
K:15 88734.24340120758 88734.24340120758 0.0 0.0 0.0 0.0 0.0 0.0 0.0 0.0 0.0 0.0 0.0 0.0 0.0 0.0 
K:16 47898.24792143531 180.26079448230848 2955.7566317024252 657.664235992065 730.9701524189213 2118.480324880574 1631.4122028614147 9370.959896068705 6853.364211027298 3731.595896811998 6569.949073333696 395.0437631726536 4642.734195473116 1714.0350753004534 118.72184556440072 1326.4103769954206 4900.88924534985 
K:17 47584.9152187818 6945.049724425508 4311.899333333587 3011.5313023233784 1966.0961984854325 1290.3764126538665 572.0065893893818 993.3871720871412 3586.801570182696 4604.596175262024 1829.8749034869386 212.59112168559193 300.06642502962404 1929.0862105791723 6364.8311282614995 7466.501051995556 1364.3490184892344 835.8708811111733 
K:18 88734.24340120734 88734.24340120734 0.0 0.0 0.0 0.0 0.0 0.0 0.0 0.0 0.0 0.0 0.0 0.0 0.0 0.0 0.0 0.0 0.0 
K:19 88734.24340120757 88734.24340120757 0.0 0.0 0.0 0.0 0.0 0.0 0.0 0.0 0.0 0.0 0.0 0.0 0.0 0.0 0.0 0.0 0.0 0.0 
K:20 88734.24340120755 88734.24340120755 0.0 0.0 0.0 0.0 0.0 0.0 0.0 0.0 0.0 0.0 0.0 0.0 0.0 0.0 0.0 0.0 0.0 0.0 0.0 


K:2 78462.4575233558 72240.88517411205 6221.572349243754 
K:3 72069.02579847409 4501.087332091353 7813.238044060377 59754.700422322356 
K:4 63670.28931267755 4349.012277875965 15766.075306638433 3557.0538199611606 39998.147908201994 
K:5 60061.38330611291 4985.247305349785 18344.949502176227 2159.5114871514493 2118.480324880574 32453.194686554878 
K:6 56150.226705022826 19593.15524138046 11992.464369728645 16711.276802612883 2118.4803248805733 3812.696279727198 1922.1536866930592 
K:7 52953.59076396604 1922.1536866930594 2118.4803248805733 11897.607808934186 3787.8760274040096 3024.3392140863352 11955.014834280704 18248.11886768718 
K:8 52710.18955974488 1922.1536866930599 2118.4803248805742 3787.87602740401 11897.607808934164 11769.86156504156 2026.2672216564579 18136.19969061022 1051.7432345248342 
K:9 51089.91253044186 6967.859383739412 8467.679599002968 2118.480324880574 12605.658426336255 1758.2703874421702 2183.8838741053505 1003.1000366846381 3027.8856110317074 12957.094887218793 
K:10 50543.5408454098 1849.4302275102875 1319.7186187870811 12583.632157980226 6967.859383739408 7396.196219840558 1758.2703874421697 12718.967416662806 2118.4803248805742 3027.8856110317083 803.1004975349726 
K:11 50458.56942263067 3027.885611031707 12720.76692106353 433.63607712497327 2118.480324880574 12594.120320068718 7376.207529113625 6949.714315727547 1758.2703874421697 872.3084340378621 1847.0803148204961 760.0991873194624 
K:12 48907.98822179517 5174.575989875271 6992.695682408647 2118.4803248805742 8859.293040025355 802.8808656467621 1714.0350753004532 1326.4103769954206 9141.937439038877 6682.468230076607 1844.278824911835 2955.7566317024252 1295.1757409329339 
K:13 88734.24340120755 88734.24340120755 0.0 0.0 0.0 0.0 0.0 0.0 0.0 0.0 0.0 0.0 0.0 0.0 
K:14 48222.7180222808 114.77684108655575 2118.480324880574 1402.5550637579 8187.935368410134 6797.752851001654 5117.1324598207575 1559.2793159783566 7481.7460767366365 3936.8307090944486 2219.6793296375363 3822.048231799114 845.1664609794093 1216.4254310323117 3402.9095580654084 
K:15 88734.24340120752 88734.24340120752 0.0 0.0 0.0 0.0 0.0 0.0 0.0 0.0 0.0 0.0 0.0 0.0 0.0 0.0 
K:16 48774.735390576 109.09125104674553 2118.480324880574 8834.547193152908 6614.23235917064 9157.278764674105 6980.653804376282 5174.575989875277 737.4681889890576 561.0354334299351 1326.4103769954204 116.4424316810132 392.2367361672877 175.4044963105691 2955.7566317024275 1714.0350753004539 1807.0863328233065 
K:17 88734.24340120702 88734.24340120702 0.0 0.0 0.0 0.0 0.0 0.0 0.0 0.0 0.0 0.0 0.0 0.0 0.0 0.0 0.0 0.0 
K:18 88734.24340120732 88734.24340120732 0.0 0.0 0.0 0.0 0.0 0.0 0.0 0.0 0.0 0.0 0.0 0.0 0.0 0.0 0.0 0.0 0.0 
K:19 88734.24340120768 88734.24340120768 0.0 0.0 0.0 0.0 0.0 0.0 0.0 0.0 0.0 0.0 0.0 0.0 0.0 0.0 0.0 0.0 0.0 0.0 
K:20 88734.24340120742 88734.24340120742 0.0 0.0 0.0 0.0 0.0 0.0 0.0 0.0 0.0 0.0 0.0 0.0 0.0 0.0 0.0 0.0 0.0 0.0 0.0 